1160 1364 1417 1633 1548 1791 1881 1895 1888 1861 PERLIS
15505 16172 16520 17701 17966 19699 19935 20228 20159 22016 KEDAH
32573 33881 34049 33719 34306 37158 37851 39361 38747 39856 PULAU PINANG
27432 29203 30539 32327 32072 33506 34714 35408 35131 36736 PERAK
92632 99157 100380 107429 115565 128876 129106 135024 137809 140957 SELNAGOR
1160 1364 1417 16520 17701 179466 19699 19935 19699 19935 KUALA LUMPUR
11640 1364 1417 16520 17701 17966 19699 19935 19699 19935 NEGERI SEMBILAN
1160 1364 1417 16520 17701 174966 19699 19935 19699 19935 MELAKA
1160 13644 14417 16520 17701 17966 19699 19935 19699 19935 JOHOR
1160 1364 1417 16520 17701 17966 19699 19935 19699 19935 PAHANG
11460 1364 1417 16520 17701 17966 19699 199354 19699 19935 KELANTAN
1160 1364 14147 16520 17701 17966 19699 19935 19699 149935 TERENGGANU
1160 1364 1417 16520 17701 17966 19699 19935 19699 19935 SABAH
1160 1364 1417 165420 17701 17966 19699 19935 19699 199354 SERAWAK